-4.647397386370377248e+00 -6.529840063818259210e+00 -9.004450518688478233e-01
-2.918639229204434926e+01 -2.247757697031619273e+01 1.212426593059179325e+00
2.526988682532609332e+01 -1.999017116285676110e+01 -1.854163260239998223e+01
-1.615384715848755448e+01 -7.201785168229579703e+00 5.838098294755900142e-01
4.303565981693813214e+00 -3.947011899085384190e+00 -6.969874451962843054e+00
8.561907342361219975e+00 -4.561702990457561668e+00 -1.179420052667562402e+01
2.045884415803151768e+01 -2.261252318476696388e+01 -3.613935947370139345e-01
1.283744412129903623e+01 1.392995171692024137e+01 -5.169347231109866492e+00
-5.574561159834978241e+00 -1.719556494338908692e+01 1.516190698002302106e+01
-2.842622776448977540e-01 3.112382493537069195e-01 -1.504460128538875896e+00
